-0.387961,0.0377132,0.698838
-0.363521,0.0216369,0.667965
-0.199461,-0.118128,0.369648
-0.403229,-0.00172508,0.748899
-0.403229,-0.00172508,0.748899
-0.403072,-0.250515,0.789307
-0.44246,-0.386701,0.87114
-0.44933,0.0291448,0.894584
-0.396581,-0.267106,0.797922
-0.394422,-0.260621,0.794884
-0.394032,-0.252328,0.798521
-0.344091,0.284385,0.698234
-0.346406,-0.257066,0.707907
-0.368926,-0.284064,0.754605
-0.397189,-0.204026,0.828252
-0.397861,-0.210987,0.832237
-0.352539,-0.282481,0.7382
-0.352539,-0.282481,0.7382
-0.332453,0.281284,0.699946
-0.347919,-0.291136,0.733797
-0.332438,0.18065,0.70357
-0.401042,-0.206649,0.851373
-0.363669,-0.233688,0.772624
-0.380322,-0.239988,0.810126
-0.309526,0.18865,0.659582
-0.346532,-0.316199,0.74729
-0.394608,-0.206977,0.856443
-0.349569,-0.310642,0.759114
-0.376876,0.0132953,0.821913
-0.384143,-0.228937,0.839644
-0.36903,-0.150842,0.809704
-0.310012,0.273198,0.680759
-0.310012,0.273198,0.680759
-0.381718,-0.148626,0.842916
-0.359107,-0.214245,0.796103
-0.38343,-0.0925653,0.849719
-0.394916,-0.085311,0.875926
-0.391613,-0.0848452,0.868485
-0.402076,-0.116871,0.892727
-0.36149,-0.262714,0.80431
-0.36908,-0.228196,0.823815
-0.329624,0.0406271,0.73608
-0.368964,-0.114648,0.825541
-0.381314,-0.101713,0.855138
-0.361904,-0.218986,0.811826
-0.35244,-0.204374,0.792669
-0.329486,-0.220419,0.7452
-0.367488,-0.237084,0.836045
-0.367349,-0.0983891,0.837885
-0.367349,-0.0983891,0.837885
-0.366036,-0.117479,0.835046
-0.374279,-0.122087,0.854374
-0.345589,-0.204407,0.791023
-0.319409,0.0369457,0.737684
-0.364003,-0.0861649,0.840835
-0.364003,-0.0861649,0.840835
-0.332654,0.0511935,0.769354
-0.498525,0.417861,1.17335
-0.31965,-0.212554,0.760255
-0.333436,-0.237866,0.793343
-0.33666,-0.233292,0.803839
-0.315353,-0.271272,0.754697
-0.318976,-0.333764,0.76597
-0.318976,-0.333764,0.76597
-0.268164,0.216738,0.650675
-0.346946,-0.0770235,0.846557
-0.323034,-0.302966,0.792026
-0.323034,-0.302966,0.792026
-0.300256,-0.220008,0.736668
-0.307142,-0.211914,0.754004
-0.332328,-0.222931,0.816415
-0.333851,-0.0764712,0.825386
-0.312653,0.026462,0.789344
-0.344791,0.29679,0.874369
-0.183974,-0.209991,0.481239
-0.249691,0.0516711,0.662524
-0.270606,-0.0246454,0.74294
-0.295209,-0.317643,0.81143
-0.27727,-0.05738,0.771189
-0.271728,-0.0482692,0.757524
-0.276189,-0.0664952,0.772262
-0.276575,-0.00374357,0.773979
-0.287192,-0.339555,0.808316
-0.26312,0.114139,0.744647
-0.28127,-0.249064,0.805467
-0.282482,-0.242745,0.809816
-0.279614,-0.257272,0.817196
-0.275432,-0.244274,0.805033
-0.259338,0.272289,0.758913
-0.247304,-0.05448,0.729166
-0.247304,-0.05448,0.729166
-0.262049,-0.0360017,0.775035
-0.261422,0.263544,0.777335
-0.258202,-0.0664524,0.769969
-0.262369,-0.0161458,0.784561
-0.273156,-0.0308106,0.818229
-0.223122,0.0710127,0.672031
-0.223122,0.0710127,0.672031
-0.247385,0.250052,0.755243
-0.247385,0.250052,0.755243
-0.248663,-0.0656189,0.763291
-0.243765,-0.0537064,0.749394
-0.254606,-0.069559,0.784082
-0.245827,-0.0292654,0.760816
-0.247597,-0.0625573,0.768652
-0.247597,-0.0625573,0.768652
-0.236438,-0.0252305,0.737665
-0.279558,-0.254299,0.899348
-0.232827,-0.0577874,0.755172
-0.231258,-0.0365633,0.751215
-0.262252,-0.196701,0.852943
-0.251161,-0.314316,0.828331
-0.218662,0.308442,0.730044
-0.22766,0.258745,0.763753
-0.248743,-0.22319,0.838163
-0.219589,0.186563,0.749636
-0.246646,-0.294311,0.843493
-0.250154,-0.237384,0.861344
-0.232039,-0.235493,0.803115
-0.205669,0.181594,0.715376
-0.205669,0.181594,0.715376
-0.227334,-0.278452,0.796906
-0.240843,-0.163482,0.845432
-0.236818,-0.289858,0.831492
-0.236843,-0.337375,0.838308
-0.234644,-0.269168,0.831415
-0.248888,-0.0750315,0.883177
-0.234655,-0.243985,0.834372
-0.186018,0.199101,0.664738
-0.23792,-0.268231,0.856254
-0.240994,-0.34195,0.871115
-0.240994,-0.34195,0.871115
-0.184747,0.0980751,0.675215
-0.236525,-0.0688488,0.865261
-0.230568,-0.269404,0.847351
-0.234479,-0.26494,0.866778
-0.249731,-0.333134,0.930976
-0.208723,-0.0366129,0.775172
-0.253723,0.222721,0.965222
-0.174261,0.0899496,0.674977
-0.216831,-0.0611259,0.844577
-0.216831,-0.0611259,0.844577
-0.216375,-0.0613657,0.843022
-0.214469,-0.318735,0.840151
-0.334027,-0.599523,1.3299
-0.206481,-0.264659,0.823032
-0.209775,-0.164781,0.842693
-0.202391,-0.309121,0.816219
-0.217196,-0.272638,0.876332
-0.212051,-0.303026,0.856287
-0.203005,0.235913,0.831466
-0.196829,0.214971,0.807972
-0.196829,0.214971,0.807972
-0.299009,-0.553812,1.23276
-0.172457,0.154014,0.716378
-0.209656,0.221042,0.871291
-0.196242,-0.296665,0.822612
-0.195958,-0.32157,0.821277
-0.198044,-0.242661,0.833489
-0.186093,-0.272816,0.787259
-0.289888,-0.558096,1.24039
-0.187651,-0.0533189,0.807708
-0.193071,0.199477,0.831083
-0.198715,-0.263752,0.856427
-0.201582,0.223182,0.869056
-0.246603,-0.278451,1.06332
-0.194013,-0.245635,0.844017
-0.301749,-0.583768,1.31399
-0.20572,0.238008,0.896917
-0.190613,-0.164559,0.836888
-0.195094,-0.268499,0.861847
-0.167768,0.149408,0.742747
-0.181936,-0.238091,0.812275
-0.166481,0.125725,0.744571
-0.193843,0.210505,0.870362
-0.158654,0.1395,0.721787
-0.181018,-0.298104,0.831874
-0.188045,-0.0609122,0.865899
-0.180392,-0.259502,0.833445
-0.185392,-0.26688,0.85798
-0.183578,-0.295101,0.853768
-0.182969,0.203579,0.853833
-0.179655,-0.0555442,0.84843
-0.177269,-0.167204,0.850064
-0.160727,0.164552,0.77135
-0.183578,-0.239641,0.885282
-0.152722,0.126439,0.737182
-0.179047,-0.25891,0.867159
-0.179047,-0.25891,0.867159
-0.165232,-0.0225409,0.802459
-0.177612,-0.0565841,0.868443
-0.176407,-0.0642018,0.887118
-0.1784,-0.0646918,0.897579
-0.134137,0.119948,0.690674
-0.161545,-0.159244,0.83731
-0.145404,0.142213,0.775134
-0.145404,0.142213,0.775134
-0.159014,-0.0615027,0.86659
-0.13857,0.267806,0.77185
-0.152708,-0.169887,0.860265
-0.141258,0.104086,0.797165
-0.147664,0.0893132,0.839239
-0.148458,-0.0669504,0.857658
-0.123566,0.267667,0.757832
-0.123566,0.267667,0.757832
-0.134598,-0.305549,0.889387
-0.112952,0.26108,0.757923
-0.119366,-0.0175254,0.800786
-0.107969,-0.0410788,0.762142
-0.109411,0.260452,0.790867
-0.156868,-0.551268,1.24539
-0.0985516,-0.0478613,0.799125
-0.110984,-0.0431858,0.904951
-0.119615,-0.0246379,0.992599
-0.0934036,-0.0147657,0.810389
-0.0975526,-0.0492233,0.853687
-0.0940313,0.163777,0.834051
-0.0948711,-0.0319991,0.86498
-0.101084,-0.0105353,0.922757
-0.0991626,-0.0202736,0.909839
-0.0954823,-0.0546994,0.87778
-0.126972,-0.543907,1.22006
-0.0897738,-0.0182132,0.871315
-0.0820769,-0.0130492,0.819079
-0.0862188,-0.0337869,0.905469
-0.071871,-0.00995336,0.814216
-0.0663565,-0.181213,0.849651
-0.0602387,-0.0374312,0.83222
-0.058166,-0.00995776,0.829869
-0.058166,-0.00995776,0.829869
-0.0583417,-0.0184314,0.837091
-0.0536684,-0.00478947,0.775555
-0.0591237,-0.336076,0.889441
-0.0565404,-0.344467,0.888862
-0.0537805,-0.279923,0.846451
-0.0500086,-0.02746,0.820832
-0.0511628,-0.053348,0.841903
-0.0501508,-0.0375775,0.836034
-0.0522308,-0.0393546,0.874987
-0.0534307,-0.246376,0.919931
-0.0534307,-0.246376,0.919931
-0.049843,-0.0489667,0.861156
-0.0527814,-0.270543,0.924047
-0.0473389,-0.299091,0.852768
-0.0473389,-0.299091,0.852768
-0.0472223,-0.356736,0.8716
-0.0465036,-0.322644,0.890894
-0.043852,-0.219466,0.853235
-0.0496549,-0.317862,0.984886
-0.0468018,-0.292259,0.935057
-0.0434103,-0.264129,0.881084
-0.0419415,-0.329963,0.854106
-0.0419415,-0.329963,0.854106
-0.043451,-0.356048,0.888414
-0.0407683,-0.32745,0.860188
-0.0409628,-0.312769,0.873114
-0.0409628,-0.312769,0.873114
-0.0407308,-0.283749,0.861997
-0.038019,-0.0320311,0.823929
-0.0346551,-0.0473862,0.789538
-0.036114,-0.0437076,0.838902
-0.0355752,-0.34585,0.856571
-0.035507,-0.283505,0.878655
-0.0359987,0.127796,0.897166
-0.0349065,-0.297114,0.887138
-0.0328752,-0.33046,0.864162
-0.0313405,-0.353943,0.861719
-0.029399,-0.0423375,0.872562
-0.0282085,-0.2574,0.897389
-0.025777,-0.351764,0.838768
-0.0285904,-0.215514,0.92981
-0.024689,-0.340991,0.859461
-0.0253694,-0.345614,0.902606
-0.0244316,-0.050498,0.897478
-0.0224702,-0.30291,0.877005
-0.0229323,-0.306168,0.925131
-0.0196418,-0.249509,0.873386
-0.0189603,-0.304258,0.895836
-0.0183351,-0.256569,0.876346
-0.0183351,-0.256569,0.876346
-0.0178869,-0.0711538,0.86209
-0.0158663,-0.0686673,0.899493
-0.015828,-0.0685492,0.897071
-0.0162894,-0.257474,0.925886
-0.0128472,-0.25959,0.900547
-0.0119934,-0.212768,0.852273
-0.00820332,-0.0529793,0.89797
-0.00714881,-0.0166992,0.88723
-0.00292571,-0.118327,0.883059
-0.00176138,-0.114561,0.941156
-0.000938608,0.244703,1.05127
0.00754091,-0.0544566,0.887292
0.0107128,-0.0433141,0.850214
0.0134095,0.0584495,0.937176
0.0134095,0.0584495,0.937176
0.0135055,-0.0546904,0.924886
0.0135055,-0.0546904,0.924886
0.0147651,0.0199341,0.93518
0.0147651,0.0199341,0.93518
0.0169815,-0.0945185,0.90712
0.0195044,0.174433,0.895791
0.0193869,-0.0372901,0.869392
0.0237897,0.0370829,1.02162
0.0207256,0.217533,0.884494
0.0237468,-0.112149,0.93878
0.0214849,0.00828575,0.84616
0.022705,0.000232789,0.878349
0.022244,-0.0470458,0.847078
0.022244,-0.0470458,0.847078
0.0247746,-0.130384,0.92566
0.0268755,-0.0618675,0.923394
0.0302049,0.0646102,0.979979
0.0333233,-0.107931,1.00781
0.029708,0.00770366,0.847399
0.0305843,-4.91399e-05,0.857456
0.0348642,-0.150918,0.947587
0.0346009,-0.0469,0.888046
0.0417801,-0.114078,0.961448
0.0395128,0.199174,0.897103
0.0430046,-0.105634,0.963397
0.0417086,-0.147555,0.917972
0.0388982,-0.053384,0.855792
0.0431941,-0.141993,0.94577
0.0429188,-0.0644501,0.924038
0.0461682,-0.182108,0.96021
0.0442566,-0.206018,0.901997
0.0446802,-0.107697,0.85723
0.0469238,-0.212831,0.898935
0.0512486,-0.179382,0.965213
0.052067,-0.155849,0.950506
0.0472729,0.00815718,0.84791
0.0427004,-0.0549978,0.733028
0.0571919,-0.133612,0.983076
0.0439695,-0.0513188,0.743513
0.0439695,-0.0513188,0.743513
0.0589159,-0.101502,0.923792
0.0560528,-0.106562,0.863305
0.0556824,-0.0175043,0.842708
0.0583482,0.00809129,0.844503
0.0607327,-0.0962307,0.871755
0.066422,-0.0951163,0.949866
0.0702386,-0.115397,0.983387
0.0674451,-0.136166,0.940445
0.0784726,-0.121933,0.964924
0.0738253,-0.10548,0.90745
0.0824321,-0.11024,0.929647
0.0826991,-0.0566791,0.909092
0.0834487,-0.178127,0.913851
0.0815291,-0.0803105,0.883032
0.0853676,-0.162128,0.9248
0.0905547,-0.154362,0.977342
0.0869439,-0.105478,0.932092
0.0864826,-0.0899755,0.919227
0.0828265,-0.147067,0.878638
0.086898,-0.186304,0.910141
0.0903593,-0.135348,0.934493
0.0857124,-0.0234722,0.841945
0.0916627,-0.0528352,0.887942
0.0916627,-0.0528352,0.887942
0.0900019,-0.0388706,0.869231
0.0900019,-0.0388706,0.869231
0.0987873,-0.108735,0.947238
0.101579,-0.125725,0.977505
0.0819415,0.187972,0.786737
0.0983918,-0.139736,0.924045
0.102571,-0.132522,0.947508
0.109131,-0.0979453,0.989665
0.0737593,0.154945,0.662028
0.118699,-0.166568,1.0579
0.0881766,-0.0276321,0.779005
0.0881766,-0.0276321,0.779005
0.111796,-0.137307,0.972123
0.102489,-0.0911563,0.881778
0.0881675,-0.0192019,0.749777
0.094023,-0.0202912,0.793601
0.0943291,-0.0206916,0.794958
0.113714,-0.0912118,0.941074
0.120838,-0.133564,0.992989
0.0988929,-0.0214315,0.804468
0.10323,-0.0438827,0.83619
0.109782,-0.0373233,0.822919
0.123079,-0.0613839,0.921054
0.125204,-0.165915,0.930913
0.127266,-0.156608,0.922282
0.112491,-0.041631,0.800376
0.132397,-0.175288,0.941414
0.125297,-0.107991,0.87956
0.125243,-0.0137084,0.878071
0.140218,-0.138883,0.980407
0.128803,-0.0603931,0.900053
0.0979355,0.155246,0.68194
0.138982,-0.185962,0.965681
0.123384,-0.0654102,0.857261
0.135135,-0.122422,0.939211
0.140948,-0.193646,0.976835
0.130576,0.14896,0.902634
0.141291,-0.16155,0.974209
0.132001,-0.139294,0.896595
0.134078,-0.0400872,0.904963
0.123158,0.166629,0.825945
0.134621,-0.137533,0.901379
0.129783,-0.0214126,0.865446
0.14108,-0.113556,0.932278
0.120752,0.0598686,0.793526
0.12136,0.0537836,0.791229
0.128302,-0.036036,0.834572
0.122963,-0.112307,0.798444
0.126777,-0.0139986,0.809667
0.126777,-0.0139986,0.809667
0.136765,-0.0527951,0.866577
0.119807,-0.0754568,0.75583
0.159799,0.154124,0.969708
0.142712,0.0742913,0.863115
0.131459,-0.0305356,0.767418
0.176518,-0.0888635,1.01433
0.149003,-0.0440911,0.852706
0.150884,-0.0321241,0.862798
0.156789,-0.0833993,0.889924
0.148965,-0.0544087,0.837478
0.126861,0.0706341,0.71233
0.136985,0.161795,0.767832
0.136985,0.161795,0.767832
0.156889,-0.0734588,0.878232
0.15506,-0.00539233,0.855733
0.15695,-0.0643433,0.861345
0.110126,0.0680879,0.600661
0.147107,0.0199156,0.782363
0.152698,0.0205082,0.809734
0.147225,0.165945,0.775194
0.161347,0.0877488,0.847628
0.160439,-0.0435611,0.818197
0.155044,0.0277673,0.775348
0.164495,-0.0255559,0.823819
0.164009,-0.0360799,0.818653
0.174037,0.143502,0.853568
0.163538,0.0135676,0.801117
0.164818,0.0398405,0.807143
0.175682,-0.0469027,0.849171
0.234079,0.0586754,1.12657
0.189194,-0.0872559,0.912614
0.165188,0.0172999,0.791015
0.208047,-0.123844,0.990975
0.180548,0.16472,0.857211
0.214776,-0.1648,1.00295
0.22468,-0.184056,1.04626
0.182378,0.130149,0.844339
0.208861,0.122555,0.965619
0.180248,-0.0414035,0.832053
0.209992,-0.175769,0.9624
0.212194,-0.187261,0.97174
0.216873,-0.141535,0.986077
0.177768,-0.000526879,0.806466
0.183519,-0.139191,0.830194
0.188345,-0.105413,0.849608
0.195222,-0.172163,0.871007
0.168705,-0.13047,0.74895
0.169441,0.241135,0.750473
0.17998,0.132462,0.792719
0.212425,-0.167864,0.934098
0.207005,0.11997,0.908165
0.175534,-0.00976743,0.766032
0.189005,0.1842,0.824498
0.189005,0.1842,0.824498
0.189005,0.1842,0.824498
0.221835,-0.152771,0.96247
0.224556,-0.177518,0.971667
0.224269,-0.186179,0.968086
0.176733,0.243304,0.751424
0.18088,0.26018,0.753924
0.182849,0.249627,0.742641
0.232971,-0.11867,0.934651
0.232971,-0.11867,0.934651
0.199961,-0.00905377,0.799115
0.210131,0.144879,0.830498
0.210614,-0.0233212,0.826138
0.193785,0.243332,0.75764
0.206824,0.127494,0.806703
0.206824,0.127494,0.806703
0.233241,-0.113713,0.907931
0.233241,-0.113713,0.907931
0.199665,0.2684,0.772
0.244852,-0.140977,0.945132
0.204564,0.208667,0.788123
0.227961,0.132813,0.877154
0.239694,-0.0532792,0.917004
0.183782,0.14806,0.702711
0.204897,0.109184,0.782154
0.219595,0.0864738,0.827948
0.209071,0.143951,0.771811
0.216657,0.0659877,0.798098
0.255623,-0.130976,0.937725
0.0575133,0.0466971,0.21054
0.33719,-0.177726,1.23158
0.212296,0.128602,0.775292
0.212296,0.128602,0.775292
0.245603,-0.197617,0.890313
0.215427,0.103258,0.779528
0.254611,-0.215429,0.917978
0.251497,-0.139837,0.898797
0.251497,-0.139837,0.898797
0.222676,0.0826679,0.789636
0.284702,-0.181964,1.00852
0.238311,-0.054849,0.842846
0.238311,-0.054849,0.842846
0.217468,0.112098,0.768155
0.219132,0.119988,0.769707
0.268206,-0.401069,0.939584
0.0467704,0.00367008,0.163793
0.299814,-0.26354,1.04708
0.281242,-0.177092,0.978326
0.214898,0.129651,0.747482
0.195819,-0.0410725,0.680509
0.283531,-0.15375,0.978565
0.284221,-0.130439,0.977574
0.219697,0.0335192,0.755092
0.210301,0.0230475,0.718691
0.210301,0.0230475,0.718691
0.269315,-0.15414,0.918147
0.182685,-0.0355964,0.621366
0.182685,-0.0355964,0.621366
0.232008,0.111296,0.787591
0.214497,0.181734,0.728624
0.280653,-0.195894,0.950092
0.219482,0.0399404,0.741381
0.21799,0.105864,0.73697
0.257675,-0.0587757,0.869053
0.267902,-0.115599,0.90019
0.270966,-0.129882,0.910574
0.227949,0.0988077,0.764879
0.292213,-0.14888,0.978445
0.225914,0.0916269,0.749842
0.227765,0.0568164,0.755448
0.227765,0.0568164,0.755448
0.237772,0.0338448,0.782239
0.282566,-0.10557,0.929144
0.262353,-0.06363,0.8586
0.268429,-0.0652285,0.878102
0.229977,0.101584,0.75181
0.229977,0.101584,0.75181
0.210548,0.0706896,0.687255
0.276802,-0.143804,0.899977
0.229274,0.0281017,0.744162
0.30086,-0.1208,0.975185
0.303558,-0.109177,0.97405
0.297567,-0.158624,0.954316
0.304572,-0.130047,0.975342
0.243816,0.0336783,0.779677
0.290795,-0.21718,0.925128
0.249491,0.111312,0.793064
0.321018,-0.084806,1.01992
0.297465,-0.182635,0.944924
0.304088,-0.135936,0.964227
0.338611,0.24846,1.07266
0.309187,-0.245921,0.971474
0.238672,0.258483,0.747504
0.266502,-0.0332058,0.82855
0.232034,-0.0247588,0.720328
0.306971,-0.104517,0.949973
0.305366,-0.0590098,0.946132
0.282182,-0.0854432,0.870591
0.310037,-0.0935433,0.954281
0.277072,-0.0234251,0.849857
0.299003,-0.116073,0.916781
0.281917,-0.0752041,0.864502
0.284742,-0.0758499,0.873007
0.307023,-0.158702,0.940252
0.256037,0.205708,0.780723
0.323069,-0.111836,0.976952
0.307448,-0.199705,0.924643
0.310229,-0.178397,0.929699
0.307528,-0.11251,0.920054
0.300222,-0.149792,0.896469
0.326618,-0.104335,0.97248
0.385765,-0.300644,1.14665
0.23417,0.0256203,0.694827
0.301428,-0.0608634,0.891364
0.301428,-0.0608634,0.891364
0.256462,0.209755,0.757634
0.26075,0.20158,0.767211
0.26075,0.20158,0.767211
0.322425,-0.220397,0.948302
0.313469,-0.220222,0.920551
0.321037,-0.180601,0.940888
0.296653,0.212692,0.868549
0.349508,-0.269845,1.01783
0.261131,0.0739784,0.75772
0.265452,0.219383,0.769849
0.32485,-0.151756,0.93842
0.314196,-0.165635,0.906301
0.322208,-0.124107,0.925826
0.31134,-0.22306,0.893154
0.323433,-0.182188,0.926234
0.320529,-0.197953,0.91841
0.321227,-0.19857,0.920235
0.328206,-0.100826,0.93671
0.279528,-0.0293048,0.795592
0.269965,0.211778,0.767729
0.332419,-0.115724,0.943984
0.332852,-0.115885,0.944951
0.313825,-0.131607,0.888901
0.330994,-0.162068,0.930733
0.335567,-0.123512,0.941901
0.325898,-0.232913,0.913432
0.320032,-0.228212,0.896997
0.285969,0.206022,0.80045
0.330381,-0.151936,0.9223
0.331726,-0.133322,0.923366
0.287458,0.0297414,0.799002
0.342111,-0.123419,0.938702
0.333165,-0.211137,0.912618
0.343505,-0.153518,0.929808
0.354094,0.0583135,0.952039
0.349361,-0.231505,0.93856
0.34437,-0.249753,0.919289
0.333771,-0.142191,0.889376
0.349774,-0.148826,0.931363
0.32747,-0.102667,0.866448
0.351727,-0.214359,0.927712
0.358885,-0.239795,0.945264
0.354858,-0.172952,0.928467
0.356482,-0.165121,0.933175
0.345852,-0.250058,0.90471
0.340085,-0.0746758,0.888224
0.340085,-0.0746758,0.888224
0.351035,-0.226614,0.913941
0.402477,-0.130698,1.03817
0.292441,0.00887373,0.752754
0.36592,-0.158902,0.94037
0.328887,-0.0196566,0.843527
0.370263,-0.198792,0.946817
0.344175,-0.140256,0.879932
0.344175,-0.140256,0.879932
0.336039,-0.0629113,0.85661
0.36484,-0.211471,0.930525
0.328357,-0.0472801,0.836365
0.337174,-0.0484203,0.858102
0.366368,-0.224334,0.922597
0.338169,0.0514291,0.840656
0.370426,-0.234626,0.918316
0.370426,-0.234626,0.918316
0.370666,-0.154572,0.913516
0.358468,-0.0655879,0.882097
0.388733,-0.150321,0.952468
0.392738,-0.172524,0.956668
0.403311,-0.191463,0.977351
0.373252,-0.233313,0.902756
0.350699,-0.0579395,0.844957
0.331811,-0.00686948,0.797893
0.380641,-0.161309,0.913658
0.378562,-0.242631,0.904255
0.371222,-0.116331,0.887137
0.351506,0.0902568,0.836556
0.367524,0.094329,0.873507
0.370986,-0.126139,0.880218
0.37672,-0.0472134,0.891535
0.415371,-0.223105,0.976549
0.368942,-0.145559,0.867616
0.368942,-0.145559,0.867616
0.41834,-0.130262,0.977637
0.379251,0.10795,0.881139
0.38579,-0.0692126,0.895344
0.386042,-0.111655,0.89525
0.350747,-0.0449401,0.811818
0.375292,-0.0607245,0.854745
0.400956,-0.122873,0.912663
0.405185,0.0421533,0.920477
0.368844,0.0274906,0.831982
0.409073,-0.202665,0.922682
0.413011,-0.150852,0.923042
0.417088,-0.202349,0.926766
0.417088,-0.202349,0.926766
0.390764,-0.0413154,0.862571
0.425148,-0.231999,0.937575
0.416265,-0.219568,0.917372
0.417691,-0.0563679,0.911099
0.417691,-0.0563679,0.911099
0.354923,-0.217013,0.774537
0.38111,0.178256,0.827697
0.481204,-0.405616,1.0124
0.657463,-0.605645,1.38252
0.432228,-0.0542454,0.906134
0.417868,-0.0192056,0.870986
0.636659,-0.576809,1.32503
0.62586,-0.363877,1.29146
0.617053,-0.366937,1.26945
0.642894,-0.371193,1.30969
0.44225,-0.0754593,0.898618
0.458566,-0.0642493,0.925332
0.440852,-0.371677,0.881329
0.644516,-0.382498,1.28538
0.641804,-0.0893941,1.26434
0.450771,-0.366712,0.887804
0.668609,-0.390884,1.3061
0.374739,-0.0388705,0.730377
0.665902,-0.332527,1.27363
0.635039,-0.246523,1.19019
0.529683,-0.406857,0.991293
0.646809,-0.297815,1.2091
0.588933,-0.255289,1.09183
0.681426,-0.339195,1.2571
0.681426,-0.339195,1.2571
0.766151,-0.424084,1.40893
0.371627,-0.156257,0.682671
0.409001,0.0075576,0.742942
0.710499,-0.451568,1.26681
0.180253,-0.0681932,0.320737
0.775921,-0.531111,1.37837
0.774806,-0.469181,1.37332
0.79953,-0.525569,1.41476
0.379845,-0.0070851,0.668876
0.8612,-0.583474,1.51207
0.796168,-0.556091,1.39478
0.747252,-0.443982,1.30558
0.631947,-0.454006,1.10325
0.426044,0.00237384,0.742373
0.858685,-0.565724,1.4961
0.845706,-0.577615,1.47218
0.395899,-0.0020083,0.687414
0.780559,-0.541229,1.35505
0.348294,-0.124806,0.603312
0.348294,-0.124806,0.603312
0.812983,-0.468136,1.40185
0.622084,-0.216995,1.06374
0.622084,-0.216995,1.06374
0.827886,-0.580126,1.41204
0.769502,-0.440925,1.30827
0.769502,-0.440925,1.30827
0.339854,-0.115319,0.576847
0.339854,-0.115319,0.576847
0.804696,-0.537194,1.35946
-0.419621,-0.25502,0.901665
-0.704932,0.0229681,1.57443
-0.412557,-0.183484,0.920152
-0.947773,0.0330871,2.2158
-0.3504,-0.330522,0.799291
-0.254645,-0.0477539,0.744375
-0.235884,-0.0536951,0.759687
-0.232388,-0.0268066,0.754698
-0.232388,-0.0268066,0.754698
-0.238951,-0.0686528,0.778961
-0.231818,-0.0174082,0.760956
-0.261744,-0.270323,0.891402
-0.224257,-0.156149,0.836714
-0.245377,-0.255905,0.922128
-0.641343,-1.12692,2.51131
-0.210565,-0.281332,0.841252
-0.202208,-0.325127,0.819304
-0.591848,-1.19622,2.67005
-0.195369,-0.0592028,0.86852
-0.179949,-0.152296,0.839116
-0.145424,0.251249,0.784549
-0.138819,0.255523,0.759698
-0.147932,0.268117,0.835324
-0.118995,-0.0105843,0.796288
-0.102186,-0.0119821,0.773186
-0.102015,-0.0173009,0.801523
-0.0904517,-0.0675753,0.875513
-0.0904517,-0.0675753,0.875513
-0.0893907,-0.061504,0.87335
-0.0731352,-0.0540785,0.880172
-0.0694811,-0.030664,0.828894
-0.0550629,-0.0424421,0.844123
-0.0322167,-0.331526,0.835547
-0.00847967,-0.0780751,0.904527
-0.00205481,-0.0833444,0.903863
0.00228994,0.197766,0.895388
0.00375064,-0.107479,0.914559
0.00816546,-0.136553,0.914917
0.0163659,-0.0589615,0.877996
0.0258578,-0.037378,0.836359
0.180429,-1.39556,3.16411
0.0500497,-0.197976,0.908756
0.220718,-1.39322,3.15515
0.223967,-1.42068,3.14917
0.0642569,-0.0711523,0.916264
0.258565,-1.40242,3.19394
0.263838,-1.42957,3.16665
0.092443,-0.185037,0.908616
0.0978458,-0.167713,0.917366
0.113463,-0.107763,0.950207
0.125351,-0.16031,0.97569
0.147732,0.176759,0.946966
0.137205,0.206253,0.85108
0.147583,0.19298,0.864169
0.134532,-0.016868,0.789239
0.238007,-0.142599,0.989657
0.262205,-0.170085,1.01421
0.259612,-0.136166,0.97421
0.277449,-0.223057,0.948594
0.300329,-0.135541,0.986322
0.307336,-0.12387,0.969067
0.306344,-0.207876,0.931372
1.06934,-1.41183,3.16664
0.288405,-0.0513244,0.873946
0.310238,-0.195193,0.920497
0.324822,-0.13813,0.946076
0.319837,-0.208505,0.918979
1.0638,-1.29602,2.97721
0.35437,-0.119369,0.946722
0.379606,-0.111055,1.0015
0.357294,-0.237231,0.908671
0.375794,-0.183486,0.939839
0.376482,-0.173122,0.934863
0.37676,-0.25195,0.910542
0.451167,-0.12712,1.01885
0.415602,-0.0369332,0.865161
1.44516,-1.26162,2.95521
2.47603,-1.33354,4.13897
3.16336,-2.02765,5.27675
-0.623233,-0.361706,1.14953
-0.473925,-0.241085,0.986648
-0.463538,-0.245148,0.965733
-0.412543,-0.259879,0.879389
-0.378001,-0.297839,0.790196
-0.368918,-0.287497,0.760974
-0.409006,-0.210938,0.879935
-0.405524,-0.240043,0.881267
-0.41703,-0.170241,0.914476
-0.41703,-0.170241,0.914476
-0.417872,-0.161505,0.920242
-0.426157,-0.113037,0.957657
-0.357093,-0.29238,0.7776
-0.377419,-0.221313,0.838616
-0.425484,-0.11371,0.979434
-0.409748,-0.0932096,0.94586
-0.409748,-0.0932096,0.94586
-0.446691,0.0228252,1.05634
-0.351924,-0.235065,0.800523
-0.351924,-0.235065,0.800523
-0.330649,-0.21545,0.77262
-0.329584,-0.23318,0.778598
-0.371804,-0.0823106,0.912514
-0.34461,-0.0342343,0.818185
-0.375036,-0.0759539,0.936175
-0.367947,-0.085944,0.921402
-0.325232,-0.21529,0.789649
-0.316638,-0.228224,0.764805
-0.291736,-0.334109,0.777015
-0.290659,-0.308208,0.783601
-0.287403,-0.334111,0.783773
-0.304722,0.282026,0.761432
-0.275381,-0.237729,0.768929
-0.273728,-0.239493,0.789543
-0.273728,-0.239493,0.789543
-0.271641,-0.306899,0.80538
-0.254899,-0.0562476,0.751368
-0.27186,0.269472,0.777145
-0.268079,-0.243169,0.861256
-0.268079,-0.243169,0.861256
-0.253085,-0.0349619,0.747274
-0.256266,-0.319622,0.82825
-0.254557,-0.185555,0.80761
-0.262823,0.261929,0.772829
-0.245987,-0.0619767,0.760733
-0.262043,0.285711,0.796278
-0.24201,-0.0261784,0.756236
-0.242179,-0.337019,0.839546
-0.239071,-0.331655,0.843159
-0.243359,-0.269831,0.862073
-0.243359,-0.269831,0.862073
-0.240883,-0.270605,0.885944
-0.234735,-0.334155,0.871534
-0.232009,-0.0691811,0.816358
-0.231392,-0.00709348,0.808223
-0.214512,-0.0295584,0.775433
-0.206233,-0.285005,0.795043
-0.206233,-0.285005,0.795043
-0.207149,-0.282215,0.812666
-0.220108,-0.0603032,0.85407
-0.207391,-0.258186,0.830732
-0.185259,-0.25975,0.701733
-0.195548,-0.313678,0.802314
-0.196856,-0.260563,0.803998
-0.20127,-0.244455,0.840767
-0.210605,-0.0562959,0.860279
-0.193695,-0.309801,0.81249
-0.1841,-0.297509,0.816922
-0.179395,-0.259578,0.869843
-0.179479,-0.263664,0.882712
-0.163705,0.146503,0.700987
-0.160358,0.128194,0.728405
-0.157872,0.134702,0.691985
-0.146614,0.123855,0.719977
-0.143246,-0.0604202,0.883744
-0.116569,-0.0453799,0.846622
-0.105669,-0.0507623,0.860805
-0.10284,-0.04105,0.869055
-0.0961065,-0.0224286,0.825913
-0.0961065,-0.0224286,0.825913
-0.0916951,-0.0147157,0.797397
-0.0940388,0.175225,0.86305
-0.0812742,-0.0250904,0.815138
-0.0807995,-0.0302318,0.821784
-0.0771919,-0.00876856,0.799161
-0.0582966,-0.296825,0.899772
-0.0573686,-0.271278,0.887051
-0.05447,-0.309022,0.896316
-0.0535554,-0.330944,0.882566
-0.0545121,-0.281739,0.883768
-0.0566549,-0.225656,0.844163
-0.054681,-0.251571,0.850035
-0.0504407,-0.347313,0.850185
-0.0508008,-0.298331,0.848882
-0.0601822,-0.0260118,0.837806
-0.0554615,-0.0503889,0.886053
-0.0475847,-0.228737,0.87439
-0.0418529,-0.266768,0.840263
-0.0549186,-0.00875561,0.79618
-0.0320163,-0.338453,0.82701
-0.0278713,-0.290989,0.847713
-0.0297016,-0.243884,0.854882
-0.0262176,-0.335794,0.838422
-0.0281318,-0.246386,0.864682
-0.0195486,-0.243057,0.872519
-0.0239682,-0.0620829,0.884698
-0.0237843,-0.0467358,0.860594
-0.0145705,-0.081242,0.902206
-0.0132249,-0.220066,0.839862
-0.00765443,-0.223232,0.84209
-0.006506,-0.0623177,0.896724
-0.00687328,-0.0511232,0.867492
-0.00365966,-0.0153859,0.858532
0.0190914,-0.101399,0.9606
0.0239222,-0.124984,0.954565
0.0206069,-0.182564,0.892863
0.0350357,-0.133212,0.95812
0.0247659,0.191434,0.963568
0.0333648,-0.0718258,0.890904
0.0323507,-0.0542112,0.878146
0.0415073,-0.14,0.914593
0.0307901,-0.0481035,0.867917
0.0522319,-0.152477,0.931855
0.0551947,-0.12512,0.945328
0.0417105,-0.0548116,0.878782
0.0417105,-0.0548116,0.878782
0.0445848,-0.0557254,0.890668
0.0739242,-0.125926,0.953611
0.0835601,-0.148224,0.982693
0.0766971,-0.118977,0.940209
0.0784877,-0.130825,0.938154
0.0949622,-0.199079,0.98195
0.112086,0.175456,1.09175
0.0883184,-0.169887,0.891418
0.105001,-0.103215,0.966256
0.0999572,-0.0812103,0.941067
0.0926436,-0.0522422,0.872494
0.0926436,-0.0522422,0.872494
0.0859333,-0.0352858,0.838562
0.101064,-0.0702471,0.891482
0.101064,-0.0702471,0.891482
0.107099,0.220691,0.925366
0.137234,-0.17988,0.970499
0.113506,-0.0572129,0.851851
0.113506,-0.0572129,0.851851
0.151345,-0.137348,0.987153
0.144156,0.165255,0.995646
0.10648,-0.0296814,0.797471
0.128727,0.20639,0.90071
0.143292,0.191735,0.948732
0.138563,-0.0726856,0.881778
0.18289,-0.0997297,1.03429
0.116965,-0.0368247,0.802123
0.117285,-0.0200223,0.783865
0.142183,-0.0697434,0.86413
0.143423,-0.0744476,0.850887
0.140031,-0.0561972,0.837387
0.148782,-0.0431891,0.835813
0.200276,-0.18753,0.968577
0.138931,-0.00405463,0.786194
0.206187,-0.149526,0.9855
0.221202,-0.12333,0.996843
0.172451,-0.0816084,0.84657
0.218219,-0.162476,0.97565
0.225781,-0.154744,0.980505
0.169699,-0.0461812,0.821284
0.238515,-0.135137,0.981488
0.139839,0.011826,0.70442
0.144155,0.0171491,0.715946
0.151063,0.0179844,0.720818
0.261095,-0.125932,1.00942
0.212159,0.114974,0.894125
0.257012,-0.146615,0.981469
0.264175,-0.124121,0.997742
0.260018,-0.212531,0.957188
0.268716,-0.21647,0.976757
0.199773,0.270139,0.847145
0.200357,0.230959,0.84355
0.21328,0.240164,0.876673
0.280028,-0.154658,1.00252
0.201563,-0.0415194,0.796381
0.201563,-0.0415194,0.796381
0.271822,-0.210233,0.962346
0.213096,0.254494,0.854229
0.214424,0.277657,0.860253
0.269797,-0.2314,0.944512
0.262016,0.246279,0.968696
0.268304,-0.23534,0.930614
0.221519,0.129545,0.848065
0.267636,0.203312,0.972282
0.206169,0.108021,0.797042
0.220994,0.286035,0.854654
0.200295,-0.021963,0.757783
0.301814,-0.126741,0.992679
0.276949,0.193253,0.947306
0.267571,-0.0616743,0.89608
0.209174,0.100544,0.757026
0.212323,0.0776808,0.748736
0.214711,0.108821,0.75524
0.231167,0.122735,0.790728
0.311835,-0.141562,0.943287
0.273861,-0.0480948,0.864258
0.332128,-0.265578,0.976816
0.212883,0.0311962,0.72257
0.316465,-0.193292,0.929837
0.213581,0.0222382,0.716667
0.247806,0.121956,0.801792
0.332668,-0.123918,0.965505
0.326617,-0.111029,0.949285
0.333901,-0.260007,0.942873
0.335019,-0.0913483,0.96106
0.297465,0.235705,0.909277
0.261325,0.114241,0.815706
0.219639,0.0304252,0.713103
0.298967,-0.0586972,0.878561
0.294323,0.299667,0.894519
0.299077,-0.0536067,0.870035
0.335045,-0.15362,0.934556
0.330144,0.251163,0.958608
0.351375,0.339518,1.0056
0.327563,0.243557,0.929954
0.301574,0.228932,0.876922
0.356746,-0.146085,0.932226
0.351862,-0.221113,0.913789
0.360241,-0.160016,0.928982
0.279814,0.047078,0.781651
0.367796,-0.149105,0.937469
0.369221,-0.252243,0.931897
0.360663,-0.165988,0.920448
0.372637,0.197597,0.976372
0.322528,0.0502581,0.856165
1.36807,-1.22748,2.83614
1.29242,-1.16342,2.69242
0.395055,-0.193771,0.951586
0.349838,-0.0612997,0.865304
0.384119,-0.260233,0.91511
0.41011,-0.156383,0.973051
0.343924,-0.0272063,0.852205
0.344041,-0.0267659,0.85232
0.431152,-0.231494,0.99788
0.459283,-0.138302,1.04017
0.550011,0.149083,1.21539
0.444432,-0.16959,0.992469
0.435821,-0.237762,0.963552
0.385486,-0.0602521,0.849533
0.451302,0.210593,0.965751
0.493528,0.23365,0.999078
2.15164,-1.27614,3.28636
2.05901,-1.27727,3.10461
2.05901,-1.27727,3.10461
-0.491119,-0.332969,1.01178
-0.495825,-0.338835,1.03309
-0.500973,0.0686634,1.0634
-0.469058,-0.169934,1.02872
-0.406261,-0.317127,0.853919
-0.465172,-0.152274,1.0266
-0.485167,0.103368,1.05422
-0.38445,-0.250686,0.828728
-0.427159,-0.122407,0.962831
-0.430828,0.016421,1.02165
-0.253101,-0.351429,0.856723
-0.265318,0.130361,0.771336
-0.23796,-0.0143712,0.612981
-0.233694,-0.27536,0.901018
-0.222432,-0.00129045,0.770644
-0.208665,-0.273182,0.845282
-0.207891,-0.247773,0.831111
-0.198182,-0.247069,0.844502
-0.185364,-0.284973,0.832121
-0.168058,0.149596,0.686068
-0.0573843,-0.304822,0.88703
-0.0796974,0.132491,0.856846
-0.0470159,-0.254921,0.918547
-0.0374102,-0.337125,0.919536
-0.0433163,-0.262096,0.873713
-0.0392698,-0.324276,0.849208
-0.0348485,-0.314953,0.878341
-0.0612352,-0.0164818,0.764462
-0.0331577,-0.291102,0.854854
-0.0282895,-0.318923,0.867098
-0.0561502,-0.00670622,0.764029
-0.0344977,-0.189265,0.81779
-0.0086699,-0.0786863,0.905212
-0.0115631,-0.209408,0.83216
0.012676,0.0305445,0.955902
0.035797,-0.152169,0.951009
0.0455311,-0.136681,0.956379
0.0172547,0.22096,0.898864
0.052047,-0.140825,0.941237
0.0670242,-0.131357,0.941377
0.0883364,-0.183945,0.9427
0.0834982,-0.158465,0.910894
0.0834982,-0.158465,0.910894
0.0974432,-0.13813,0.922902
0.119448,-0.121045,0.957054
0.121474,-0.088628,0.92584
0.117002,-0.0569626,0.834407
0.15175,-0.0829302,0.878682
0.115599,-0.0145946,0.763259
0.19919,0.114698,0.846851
0.261462,-0.230833,0.944917
0.26612,-0.224593,0.956083
0.28235,-0.175603,0.977753
0.285516,-0.153993,0.985421
0.286345,-0.164133,0.976037
0.281548,-0.168483,0.950624
0.307993,-0.120337,0.94926
0.292686,-0.0814883,0.917874
0.299102,-0.216138,0.909046
0.247338,-0.0294612,0.817304
0.313172,-0.155538,0.93557
0.316313,-0.100361,0.940033
1.42517,-1.27288,2.98613
0.329103,-0.121273,0.944449
0.358796,-0.11267,0.947848
0.367247,-0.225109,0.92552
0.37312,-0.237041,0.91787
0.339227,-0.0472783,0.8604
0.339922,-0.0472797,0.861181
0.43388,0.142708,1.02802
0.418472,-0.179978,0.977631
0.448879,-0.125148,1.01742
0.431935,-0.225372,0.967842
0.445092,-0.250384,0.974561
0.355162,-0.0519071,0.822791
1.38415,-0.278651,2.0351
-0.967016,-0.642195,2.08235
-0.518552,0.0539811,0.984243
-0.459643,-0.221877,0.925346
-0.479142,0.0662767,1.02524
-0.401252,-0.303611,0.806488
-0.420231,-0.109759,0.922997
-0.417587,-0.106821,0.902853
-0.406027,-0.216472,0.878575
-0.434267,0.0140988,0.966444
-0.439767,0.135775,1.00693
-0.428146,0.104741,1.00358
-0.385561,-0.220154,0.856845
-0.385889,-0.13636,0.87463
-0.385889,-0.13636,0.87463
-0.363795,-0.228822,0.791989
-0.349749,-0.228858,0.775764
-0.337758,-0.218469,0.779215
-0.370596,0.258834,0.833226
-0.359205,-0.0396614,0.913926
-0.305727,0.0154207,0.757671
-0.30514,0.0161117,0.772378
-0.276655,-0.243306,0.800255
-0.300071,0.245717,0.760749
-0.300071,0.245717,0.760749
-0.266338,-0.221252,0.754702
-0.269443,-0.0500816,0.738766
-0.25556,-0.259576,0.859341
-0.253552,-0.0362456,0.742441
-0.243469,-0.0554181,0.757654
-0.244126,-0.0291428,0.754029
-0.244258,-0.0290508,0.751962
-0.222998,-0.262826,0.865671
-0.231176,-0.0380456,0.751809
-0.22401,-0.0866172,0.845408
-0.209109,-0.274702,0.818804
-0.199282,-0.272495,0.836735
-0.209405,0.305824,0.72097
-0.159928,-0.0632332,0.861008
-0.159794,-0.0631466,0.861604
-0.190472,0.300762,0.751529
-0.185144,0.159684,0.648313
-0.142006,0.264564,0.768742
-0.134259,0.264331,0.768726
-0.05483,-0.250408,0.925445
-0.11729,0.262181,0.765563
-0.0530127,-0.288946,0.902126
-0.047334,-0.295947,0.899252
-0.054078,-0.259101,0.873914
-0.0531508,-0.259787,0.87622
-0.0459787,-0.241396,0.903153
-0.046951,-0.240602,0.899414
-0.0446955,-0.28676,0.871455
-0.0469924,-0.269813,0.86174
-0.0675394,-0.0331903,0.825757
-0.0083696,-0.375966,0.993075
-0.0113034,0.0215857,1.0408
-0.0207636,-0.243036,0.884724
-0.0500561,-0.0181596,0.810549
-0.0547807,-0.0100252,0.789625
0.0319574,-0.13224,0.944147
0.0116964,-0.133943,0.877407
0.0116964,-0.133943,0.877407
-0.007106,-0.0146005,0.825303
0.00848932,-0.0547884,0.866216
0.0520995,-0.118521,0.94749
0.0282153,-0.0606607,0.868571
0.0475417,-0.194255,0.897042
0.0825114,-0.197641,0.95508
0.0836081,-0.187432,0.954641
0.0836081,-0.187432,0.954641
0.0493077,-0.0515106,0.873442
0.0615048,-0.0643336,0.88243
0.107053,-0.105555,0.937436
0.0887669,-0.0330572,0.844478
0.0873611,-0.0303416,0.825199
0.100006,0.219601,0.88604
0.155519,-0.14508,0.951691
0.13677,-0.0932769,0.913098
0.0976174,-0.0232705,0.807895
0.113489,-0.0383726,0.822939
0.201383,-0.150263,0.994213
0.205285,-0.125758,0.9971
0.122701,-0.0438762,0.825926
0.159305,0.195373,0.924494
0.159305,0.195373,0.924494
0.126261,-0.0306868,0.810493
0.14687,-0.0553256,0.835179
0.226177,-0.177384,0.972438
0.134568,-0.0187227,0.787299
0.203228,-0.0885372,0.9169
0.135976,-0.0186694,0.789224
0.184768,0.139855,0.899957
0.246102,-0.134819,0.984635
0.177714,-0.0597043,0.836443
0.274984,-0.21417,0.967029
0.197343,0.101501,0.853334
0.282844,-0.207083,0.961309
0.27681,-0.222119,0.947276
0.19371,0.259191,0.824454
0.302691,-0.110224,0.973767
0.239825,0.180426,0.888504
0.203828,0.212949,0.82832
0.200193,0.268486,0.806142
0.19829,0.0588527,0.772442
0.273837,-0.0678148,0.886819
0.317669,-0.123299,0.951358
0.314469,-0.107439,0.946434
0.260056,0.211701,0.881986
0.204437,0.114671,0.767851
0.304469,-0.0775544,0.902145
0.284617,0.229634,0.885022
0.255049,-0.025318,0.80676
0.353323,-0.118858,0.945801
0.292496,0.23103,0.880644
0.268748,0.275047,0.837722
0.260804,0.272764,0.827102
0.375666,-0.26029,0.949745
0.229877,0.0381852,0.739985
0.310454,0.229712,0.861457
0.348929,-0.0685228,0.838315
1.19375,-0.278338,1.8517
1.61827,-0.61238,2.26784
-0.531779,0.0551357,1.04559
-0.534059,0.0682348,1.06906
-0.528986,0.000531464,1.08008
-0.535891,0.0794909,1.08715
-0.51858,0.0563459,1.01856
-0.521745,0.0398707,1.04219
-0.526138,0.00846899,1.10012
-0.50957,0.0186372,1.04328
-0.47004,-0.246102,0.970148
-0.501629,0.0679773,1.04415
-0.466418,-0.291049,1.02775
-0.460489,-0.238244,0.964124
-0.460069,-0.245745,0.968564
-0.455941,-0.151107,0.951057
-0.48333,0.060577,1.03491
-0.480602,-0.0100453,1.05742
-0.479434,0.0546526,1.02852
-0.455697,-0.177001,0.984975
-0.480081,-0.169903,1.20973
-0.481768,0.10492,1.06129
-0.472021,-0.00953734,1.0582
-0.462945,-0.0774264,1.05304
-0.466662,0.0535098,1.03022
-0.468485,0.0722109,1.05888
-0.454765,0.0432942,1.05115
-0.407554,-0.257636,0.864999
-0.407535,-0.279556,0.897221
-0.412117,-0.207192,0.891943
-0.414262,-0.166321,0.89238
-0.419617,-0.118158,0.936917
-0.400346,-0.27562,0.887225
-0.385421,-0.320241,0.792716
-0.436534,0.0584804,1.02265
-0.415093,-0.109785,0.939542
-0.415093,-0.109785,0.939542
-0.43956,0.079135,1.04644
-0.43956,0.079135,1.04644
-0.394851,-0.24499,0.851316
-0.377309,-0.287279,0.776361
-0.380279,-0.237813,0.785003
-0.401587,-0.0853784,0.909438
-0.410847,0.201354,0.910473
-0.410504,0.200781,0.909091
-0.386118,0.0496364,0.82231
-0.35541,-0.259172,0.744535
-0.398828,0.197932,0.914322
-0.351764,-0.267872,0.751612
-0.348218,-0.261478,0.765427
-0.348643,-0.247173,0.769803
-0.361579,-0.0838612,0.900185
-0.381392,0.155378,0.969276
-0.340302,-0.250991,0.785367
-0.342584,-0.223236,0.806973
-0.338973,-0.226794,0.789116
-0.330593,-0.236999,0.78871
-0.315214,-0.248591,0.769966
-0.308091,-0.223349,0.804513
-0.292892,-0.319608,0.804028
-0.278022,-0.249126,0.803801
-0.274611,-0.249426,0.790761
-0.278913,-0.00697726,0.761145
-0.248089,-0.260386,0.897723
-0.245584,-0.342163,0.853414
-0.275897,-0.00577402,0.780858
-0.271322,-0.0289161,0.779801
-0.245091,-0.250319,0.902519
-0.242358,-0.27705,0.879465
-0.237617,-0.331072,0.859561
-0.237159,-0.275956,0.879162
-0.234833,-0.282993,0.879215
-0.233927,-0.308775,0.864611
-0.233391,-0.309855,0.867192
-0.264046,-0.0269518,0.751073
-0.263283,-0.0321642,0.748522
-0.244949,-0.149124,0.835682
-0.257625,-0.0542433,0.743104
-0.25561,-0.0580416,0.752396
-0.25561,-0.0580416,0.752396
-0.23977,-0.159333,0.827982
-0.238662,-0.160157,0.834391
-0.221017,-0.245583,0.886
-0.221324,-0.252157,0.846937
-0.244396,-0.00632516,0.769242
-0.21432,-0.258288,0.859197
-0.241593,-0.0363848,0.749768
-0.241287,-0.0290508,0.750735
-0.214773,-0.24633,0.832012
-0.213993,-0.277554,0.817051
-0.235123,-0.029117,0.776416
-0.208767,-0.240987,0.842739
-0.233245,-0.0594463,0.758586
-0.208528,-0.258956,0.833258
-0.233511,-0.0285987,0.753363
-0.202191,-0.31525,0.823771
-0.202191,-0.31525,0.823771
-0.232031,-0.0187979,0.759726
-0.198267,-0.281561,0.829871
-0.19746,-0.3189,0.81606
-0.195733,-0.243646,0.835204
-0.220429,-0.012822,0.77444
-0.188949,-0.311948,0.837089
-0.19099,-0.227162,0.853419
-0.185415,-0.308594,0.833316
-0.185415,-0.308594,0.833316
-0.188536,-0.167161,0.845847
-0.182008,-0.227449,0.853502
-0.17894,-0.254183,0.855356
-0.17894,-0.254183,0.855356
-0.176301,-0.163699,0.830049
-0.174028,-0.0606061,0.855928
-0.166887,-0.0573647,0.869142
-0.161104,-0.171444,0.845925
-0.147066,-0.0791455,0.875882
-0.150734,-0.0696935,0.860361
-0.164026,-0.0223974,0.791098
-0.0633355,-0.273201,0.926391
-0.0899393,-0.0625446,0.875402
-0.112581,-0.0211337,0.805707
-0.0989435,-0.0463429,0.842622
-0.155044,0.130599,0.687288
-0.0963625,-0.0466555,0.848748
-0.0872763,-0.0582002,0.869099
-0.0621358,-0.319307,0.885734
-0.0552629,-0.281419,0.916816
-0.0552629,-0.281419,0.916816
-0.055699,-0.252062,0.915972
-0.102381,-0.0184338,0.801961
-0.0531127,-0.325293,0.893601
-0.0544141,-0.308106,0.889107
-0.0827211,-0.0471706,0.852048
-0.0998114,-0.0211177,0.79754
-0.0680822,-0.182845,0.85952
-0.0970581,-0.0167819,0.799993
-0.121292,0.251273,0.776579
-0.0840893,-0.0339883,0.830044
-0.0485474,-0.322508,0.880007
-0.0961684,-0.020685,0.793056
-0.0439684,-0.313336,0.89277
-0.115524,0.258585,0.782122
-0.0907851,-0.0162015,0.800362
-0.0814071,-0.0318188,0.824659
-0.0432795,-0.350696,0.872499
-0.0599645,-0.0563554,0.868811
-0.0420414,-0.248543,0.878728
-0.0894706,-0.0113248,0.781891
-0.0673725,-0.0313197,0.832163
-0.0779826,-0.0143508,0.79851
-0.0554233,-0.0439115,0.847653
-0.0554233,-0.0439115,0.847653
-0.0301686,-0.281296,0.872088
-0.040982,-0.323866,0.831465
-0.0377093,-0.230172,0.858925
-0.0676917,-0.0219561,0.812317
-0.0676917,-0.0219561,0.812317
-0.0282502,-0.248342,0.870809
-0.0284891,-0.259871,0.863824
-0.0198105,-0.232108,0.886436
-0.0468389,-0.0392229,0.843495
-0.0262853,-0.33696,0.837195
-0.0125526,-0.238212,0.892751
-0.0272225,-0.327837,0.831868
-0.0272225,-0.327837,0.831868
-0.0162296,-0.0642969,0.909091
-0.0442244,-0.0366249,0.836389
-0.0295698,-0.213326,0.843544
-0.0676516,-0.00766715,0.772544
-0.0142983,-0.069848,0.903362
-0.00360753,-0.268575,0.887073
-0.0326011,-0.0378776,0.842581
-0.0137648,-0.225222,0.854932
0.000918867,-0.085157,0.909611
-0.0223008,-0.0615141,0.853545
-0.0543396,-0.00688536,0.778762
0.00149652,-0.236428,0.881592
-0.00706095,-0.0513037,0.863252
-0.00741462,-0.209919,0.829233
0.0599073,-0.11228,0.961682
0.0155545,-0.0521908,0.865426
0.0155545,-0.0521908,0.865426
0.00904416,-0.0440679,0.847017
0.0601375,-0.104981,0.955575
0.0703067,-0.127689,0.959582
0.0234417,-0.0434935,0.859896
0.0271054,-0.0492571,0.861091
0.0271054,-0.0492571,0.861091
0.0643782,-0.140375,0.928906
0.0851365,-0.158085,0.971193
0.0267809,-0.046912,0.854025
0.0432767,-0.0618645,0.877926
0.0862228,-0.10791,0.962228
0.0809058,-0.132659,0.943457
0.0896567,-0.102382,0.963568
0.0732314,-0.122358,0.922136
0.0102596,-0.0245601,0.79913
0.0920096,-0.0995026,0.953627
0.0756491,-0.0744566,0.918469
0.0731281,-0.0796202,0.904318
0.0842099,-0.160194,0.912815
0.0842099,-0.160194,0.912815
0.0845333,-0.0906937,0.916674
0.0968727,-0.100005,0.935885
0.08982,-0.083231,0.922179
0.090248,-0.0788535,0.909179
0.10064,-0.0917632,0.92228
0.10064,-0.0917632,0.92228
0.0252573,-0.00176853,0.774697
0.131046,-0.17812,0.957495
0.103048,0.195403,0.943813
0.103048,0.195403,0.943813
0.0827913,-0.0554814,0.870687
0.120832,-0.100403,0.939915
0.138808,0.162067,1.00478
0.146524,0.168923,0.987112
0.0974642,-0.0491975,0.846147
0.104225,-0.0492621,0.856367
0.206669,-0.134619,1.01943
0.119039,-0.0582953,0.860007
0.208805,-0.135689,0.999104
0.204325,-0.190715,0.982724
0.202962,-0.154802,0.983003
0.20303,-0.148643,0.978545
0.0908945,-0.0149204,0.794308
0.221067,-0.198023,1.00136
0.205863,-0.161478,0.973406
0.120797,-0.0524456,0.836529
0.146017,-0.0775869,0.876458
0.137083,-0.0661772,0.861126
0.204429,-0.185173,0.959195
0.128558,-0.058079,0.839656
0.142251,-0.0647653,0.855066
0.225641,-0.155847,0.979711
0.228878,-0.170138,0.983339
0.136564,-0.0524851,0.838988
0.119311,-0.0376441,0.809656
0.231645,-0.192958,0.976567
0.243695,-0.127897,0.993006
0.11184,-0.00916031,0.785729
0.241686,-0.13964,0.984518
0.140065,-0.0430794,0.816594
0.129031,-0.0090934,0.794151
0.127306,-0.0150293,0.789571
0.127306,-0.0150293,0.789571
0.150229,-0.0456297,0.820148
0.165745,-0.0540115,0.827144
0.293377,-0.164165,1.01677
0.158424,-0.0263752,0.81589
0.277168,-0.151501,0.987715
0.285142,-0.136303,0.994445
0.292373,-0.140237,0.979011
0.292373,-0.140237,0.979011
0.293665,-0.140731,0.970955
0.285433,-0.187367,0.95298
0.296816,-0.1533,0.961054
0.296122,-0.204338,0.953191
0.195251,0.242,0.842582
0.303817,-0.122339,0.965174
0.29549,-0.181333,0.943015
0.297264,-0.152318,0.946047
0.211727,0.109543,0.845216
0.270433,-0.0637952,0.897126
0.200119,0.264265,0.818854
0.305516,-0.218949,0.923839
0.314512,-0.11389,0.944307
0.307145,-0.200313,0.926242
0.307274,-0.19449,0.92028
0.321184,-0.120887,0.945161
0.292073,-0.0720624,0.90411
0.313205,-0.220001,0.921067
0.265394,0.239601,0.890447
0.198959,0.12941,0.784297
0.198959,0.12941,0.784297
0.206475,0.117868,0.792171
0.33738,-0.158983,0.945209
0.208754,0.123628,0.789823
0.208754,0.123628,0.789823
0.20356,0.131617,0.778211
0.226579,0.25743,0.81278
0.292285,-0.0695802,0.870374
0.343449,-0.15377,0.930814
0.358505,-0.165261,0.933902
0.363913,-0.215547,0.92815
0.367336,-0.167067,0.932152
0.369772,-0.167375,0.934819
0.231794,0.137936,0.780374
0.403363,-0.104753,0.978448
0.303965,0.242464,0.877283
0.302528,0.246289,0.869408
0.434097,-0.237613,0.993449
0.351059,-0.0795623,0.89781
0.351059,-0.0795623,0.89781
0.311029,0.238715,0.869179
0.381452,-0.234167,0.921053
0.379362,-0.25823,0.909872
0.303406,0.137195,0.829297
0.347587,-0.0725237,0.860908
